# Created by Octave 3.8.0, Mon Aug 08 07:37:26 2016 JST <coli@coli-no-MacBook-Air.local>
# name: I
# type: diagonal matrix
# rows: 4
# columns: 4
1
1
1
1


